tensor([0.0000, 0.0784, 0.0000, 0.0000, 0.0000, 0.0000, 0.0314, 0.0627, 0.0627,
        0.0000, 0.0627, 0.0314, 0.0078, 0.0706, 0.0392, 0.0392, 0.0000, 0.0314,
        0.0000, 0.0000, 0.0157, 0.0157, 0.0000, 0.0000, 0.0235, 0.0000, 0.0000,
        0.0000, 0.0000, 0.0000, 0.0157, 0.0000, 0.0000, 0.0314, 0.0000, 0.0000,
        0.0000, 0.0000, 0.0157, 0.0157, 0.0000, 0.0549, 0.0078, 0.0000, 0.0000,
        0.0000, 0.0000, 0.0627, 0.0000, 0.0000, 0.0471, 0.0000, 0.0000, 0.0000,
        0.0000, 0.0000, 0.0000, 0.0157, 0.0000, 0.0471, 0.0078, 0.0000, 0.0000,
        0.0157], grad_fn=<UnbindBackward0>)
tensor([0.0000, 0.0784, 0.0000, 0.0235, 0.0000, 0.0078, 0.0078, 0.1490, 0.0706,
        0.0941, 0.0314, 0.0706, 0.0157, 0.0392, 0.0314, 0.0157, 0.0627, 0.1098,
        0.0000, 0.0549, 0.0392, 0.0000, 0.0000, 0.0549, 0.1255, 0.0000, 0.0000,
        0.0784, 0.1490, 0.0000, 0.1333, 0.0000, 0.0000, 0.0706, 0.0314, 0.0314,
        0.0078, 0.0000, 0.0157, 0.0000, 0.0157, 0.0392, 0.0706, 0.0000, 0.0000,
        0.0000, 0.0000, 0.0471, 0.0000, 0.0000, 0.0627, 0.0078, 0.0000, 0.0863,
        0.0471, 0.0392, 0.0000, 0.0392, 0.0078, 0.0627, 0.0471, 0.0784, 0.0000,
        0.0000], grad_fn=<UnbindBackward0>)
tensor([0.0078, 0.1569, 0.0078, 0.0392, 0.0392, 0.0157, 0.0157, 0.1255, 0.1020,
        0.0863, 0.0157, 0.1176, 0.1176, 0.0471, 0.0157, 0.0471, 0.0706, 0.1412,
        0.0078, 0.0000, 0.1569, 0.0314, 0.0000, 0.0627, 0.1176, 0.0078, 0.0000,
        0.0863, 0.1255, 0.0000, 0.1647, 0.0000, 0.0000, 0.0471, 0.0078, 0.0000,
        0.1255, 0.0706, 0.0392, 0.0235, 0.0627, 0.0314, 0.0471, 0.0000, 0.0000,
        0.0000, 0.0000, 0.0549, 0.0000, 0.0000, 0.0549, 0.1255, 0.0549, 0.1255,
        0.0549, 0.0000, 0.0000, 0.0549, 0.0000, 0.0863, 0.1647, 0.0549, 0.0000,
        0.0392], grad_fn=<UnbindBackward0>)
tensor([0.0235, 0.1412, 0.0235, 0.0706, 0.0314, 0.0078, 0.0000, 0.1255, 0.1020,
        0.0784, 0.0157, 0.1412, 0.1255, 0.0549, 0.0235, 0.0706, 0.1020, 0.1333,
        0.0157, 0.0078, 0.1333, 0.0314, 0.0000, 0.0392, 0.1255, 0.0000, 0.0000,
        0.1020, 0.1176, 0.0000, 0.1333, 0.0000, 0.0000, 0.0392, 0.0000, 0.0000,
        0.1490, 0.0863, 0.0235, 0.0392, 0.0392, 0.0314, 0.0392, 0.0000, 0.0078,
        0.0000, 0.0000, 0.0627, 0.0000, 0.0000, 0.0392, 0.1098, 0.0784, 0.1098,
        0.0549, 0.0157, 0.0000, 0.0471, 0.0000, 0.0863, 0.1725, 0.0627, 0.0000,
        0.0235], grad_fn=<UnbindBackward0>)
tensor([0.0000, 0.0706, 0.0000, 0.0000, 0.0000, 0.0157, 0.0000, 0.0627, 0.0471,
        0.0000, 0.0314, 0.0627, 0.0235, 0.0549, 0.0157, 0.0314, 0.0000, 0.0314,
        0.0000, 0.0000, 0.0235, 0.0235, 0.0000, 0.0000, 0.0000, 0.0000, 0.0000,
        0.0314, 0.0235, 0.0000, 0.0392, 0.0000, 0.0000, 0.0078, 0.0000, 0.0000,
        0.0078, 0.0000, 0.0000, 0.0157, 0.0000, 0.0314, 0.0157, 0.0000, 0.0000,
        0.0000, 0.0000, 0.0314, 0.0000, 0.0000, 0.0235, 0.0392, 0.0000, 0.0000,
        0.0000, 0.0000, 0.0000, 0.0000, 0.0000, 0.0706, 0.0314, 0.0000, 0.0000,
        0.0000], grad_fn=<UnbindBackward0>)
tensor([0.0000, 0.0706, 0.0000, 0.0000, 0.0000, 0.0000, 0.0314, 0.0549, 0.0471,
        0.0000, 0.0314, 0.0392, 0.0000, 0.0471, 0.0000, 0.0235, 0.0000, 0.0471,
        0.0000, 0.0000, 0.0314, 0.0078, 0.0000, 0.0000, 0.0078, 0.0000, 0.0000,
        0.0235, 0.0235, 0.0000, 0.0314, 0.0000, 0.0000, 0.0314, 0.0000, 0.0000,
        0.0000, 0.0000, 0.0000, 0.0078, 0.0000, 0.0235, 0.0078, 0.0000, 0.0000,
        0.0078, 0.0000, 0.0549, 0.0000, 0.0000, 0.0549, 0.0157, 0.0000, 0.0000,
        0.0000, 0.0000, 0.0000, 0.0157, 0.0000, 0.0549, 0.0235, 0.0000, 0.0000,
        0.0000], grad_fn=<UnbindBackward0>)
tensor([0.0627, 0.1490, 0.1176, 0.0078, 0.0235, 0.0706, 0.0784, 0.1020, 0.1176,
        0.1020, 0.1176, 0.1412, 0.1176, 0.1020, 0.1176, 0.0706, 0.0392, 0.1255,
        0.0863, 0.0000, 0.1490, 0.0314, 0.0157, 0.0784, 0.0627, 0.0314, 0.0000,
        0.0863, 0.0784, 0.0392, 0.0627, 0.0784, 0.0000, 0.0549, 0.0471, 0.0784,
        0.0863, 0.0471, 0.0235, 0.0863, 0.0471, 0.1333, 0.1333, 0.0549, 0.1176,
        0.1020, 0.0941, 0.0941, 0.0000, 0.0000, 0.1098, 0.1333, 0.0157, 0.1020,
        0.0471, 0.0157, 0.0000, 0.0941, 0.0314, 0.1098, 0.1490, 0.0000, 0.0314,
        0.0314], grad_fn=<UnbindBackward0>)
tensor([0.0784, 0.1647, 0.1098, 0.0549, 0.0078, 0.0235, 0.0392, 0.1569, 0.1176,
        0.0863, 0.1255, 0.1569, 0.1255, 0.1098, 0.1255, 0.0784, 0.0627, 0.1490,
        0.0627, 0.0078, 0.1176, 0.0471, 0.0314, 0.0392, 0.1255, 0.0157, 0.0000,
        0.1020, 0.1176, 0.0392, 0.1647, 0.0078, 0.0000, 0.0627, 0.0000, 0.0078,
        0.1569, 0.0784, 0.0392, 0.1020, 0.0784, 0.1255, 0.0549, 0.0000, 0.1333,
        0.1098, 0.1020, 0.1098, 0.0000, 0.0000, 0.1020, 0.1882, 0.0784, 0.0863,
        0.0392, 0.0000, 0.0000, 0.0863, 0.0000, 0.1255, 0.1255, 0.0549, 0.0078,
        0.0392], grad_fn=<UnbindBackward0>)
tensor([0.0000, 0.0784, 0.0000, 0.0000, 0.0000, 0.0000, 0.0235, 0.0706, 0.0627,
        0.0000, 0.0627, 0.0471, 0.0157, 0.0706, 0.0471, 0.0392, 0.0000, 0.0314,
        0.0000, 0.0000, 0.0157, 0.0235, 0.0000, 0.0000, 0.0235, 0.0000, 0.0000,
        0.0000, 0.0000, 0.0000, 0.0157, 0.0000, 0.0000, 0.0235, 0.0000, 0.0000,
        0.0000, 0.0000, 0.0157, 0.0157, 0.0000, 0.0549, 0.0078, 0.0000, 0.0000,
        0.0000, 0.0000, 0.0549, 0.0000, 0.0000, 0.0314, 0.0000, 0.0000, 0.0000,
        0.0000, 0.0000, 0.0000, 0.0078, 0.0000, 0.0549, 0.0235, 0.0000, 0.0000,
        0.0235], grad_fn=<UnbindBackward0>)
tensor([0.0000, 0.0706, 0.0000, 0.0000, 0.0000, 0.0157, 0.0078, 0.0706, 0.0706,
        0.0000, 0.0627, 0.0549, 0.0078, 0.0706, 0.0235, 0.0392, 0.0000, 0.0392,
        0.0000, 0.0000, 0.0000, 0.0235, 0.0000, 0.0000, 0.0157, 0.0000, 0.0000,
        0.0235, 0.0157, 0.0000, 0.0235, 0.0000, 0.0000, 0.0235, 0.0000, 0.0000,
        0.0000, 0.0000, 0.0000, 0.0235, 0.0000, 0.0392, 0.0078, 0.0000, 0.0000,
        0.0000, 0.0000, 0.0471, 0.0000, 0.0000, 0.0235, 0.0157, 0.0000, 0.0000,
        0.0000, 0.0000, 0.0000, 0.0000, 0.0000, 0.0627, 0.0078, 0.0000, 0.0000,
        0.0078], grad_fn=<UnbindBackward0>)
tensor([0.0000, 0.1098, 0.0000, 0.0392, 0.0235, 0.0863, 0.0235, 0.1098, 0.1176,
        0.0471, 0.0157, 0.1882, 0.1098, 0.0784, 0.0000, 0.0863, 0.0627, 0.0784,
        0.1098, 0.0000, 0.0157, 0.0000, 0.0000, 0.0000, 0.0000, 0.0000, 0.0000,
        0.1020, 0.0157, 0.0000, 0.0314, 0.0627, 0.0000, 0.0235, 0.0000, 0.0627,
        0.0392, 0.0157, 0.0000, 0.0627, 0.0392, 0.0314, 0.1412, 0.0549, 0.1020,
        0.0157, 0.0000, 0.0549, 0.0000, 0.0000, 0.0863, 0.0235, 0.0000, 0.0000,
        0.0314, 0.0000, 0.0000, 0.0863, 0.0000, 0.0941, 0.1098, 0.0000, 0.0314,
        0.0000], grad_fn=<UnbindBackward0>)
tensor([0.0392, 0.1647, 0.0000, 0.0000, 0.0000, 0.0157, 0.0314, 0.0627, 0.1098,
        0.0941, 0.0314, 0.1333, 0.1098, 0.0784, 0.0078, 0.0706, 0.0078, 0.1490,
        0.0471, 0.0000, 0.1333, 0.0235, 0.0000, 0.0471, 0.0549, 0.0000, 0.0000,
        0.0471, 0.0706, 0.0000, 0.0627, 0.0000, 0.0000, 0.0392, 0.0078, 0.0000,
        0.1412, 0.0784, 0.0157, 0.0392, 0.0706, 0.0392, 0.0078, 0.0000, 0.0000,
        0.0000, 0.0000, 0.0627, 0.0235, 0.0000, 0.0784, 0.1490, 0.0235, 0.0941,
        0.0000, 0.0000, 0.0000, 0.0157, 0.0000, 0.1098, 0.1255, 0.0000, 0.0000,
        0.0392], grad_fn=<UnbindBackward0>)
tensor([0.0000, 0.0706, 0.0000, 0.0000, 0.0000, 0.0000, 0.0157, 0.0627, 0.0863,
        0.0000, 0.0471, 0.0627, 0.0235, 0.0863, 0.0314, 0.0392, 0.0000, 0.0392,
        0.0000, 0.0000, 0.0235, 0.0392, 0.0000, 0.0000, 0.0235, 0.0000, 0.0000,
        0.0235, 0.0157, 0.0000, 0.0157, 0.0000, 0.0000, 0.0157, 0.0000, 0.0000,
        0.0235, 0.0000, 0.0157, 0.0314, 0.0000, 0.0627, 0.0078, 0.0000, 0.0000,
        0.0000, 0.0000, 0.0392, 0.0000, 0.0000, 0.0235, 0.0235, 0.0000, 0.0000,
        0.0000, 0.0000, 0.0000, 0.0000, 0.0000, 0.0706, 0.0471, 0.0000, 0.0000,
        0.0314], grad_fn=<UnbindBackward0>)
tensor([0.0000, 0.0863, 0.0000, 0.0000, 0.0000, 0.0000, 0.0235, 0.0627, 0.0471,
        0.0000, 0.0471, 0.0549, 0.0078, 0.0471, 0.0157, 0.0392, 0.0000, 0.0314,
        0.0000, 0.0000, 0.0235, 0.0000, 0.0000, 0.0000, 0.0078, 0.0000, 0.0000,
        0.0078, 0.0157, 0.0000, 0.0157, 0.0000, 0.0000, 0.0235, 0.0000, 0.0000,
        0.0000, 0.0000, 0.0157, 0.0235, 0.0000, 0.0314, 0.0157, 0.0000, 0.0000,
        0.0000, 0.0000, 0.0471, 0.0000, 0.0000, 0.0392, 0.0157, 0.0000, 0.0000,
        0.0000, 0.0000, 0.0000, 0.0000, 0.0000, 0.0549, 0.0235, 0.0000, 0.0000,
        0.0078], grad_fn=<UnbindBackward0>)
tensor([0.0000, 0.0627, 0.0000, 0.0000, 0.0000, 0.0000, 0.0314, 0.0471, 0.0314,
        0.0000, 0.0392, 0.0392, 0.0235, 0.0314, 0.0000, 0.0235, 0.0000, 0.0392,
        0.0000, 0.0000, 0.0314, 0.0000, 0.0000, 0.0078, 0.0000, 0.0000, 0.0000,
        0.0235, 0.0157, 0.0000, 0.0235, 0.0000, 0.0000, 0.0157, 0.0000, 0.0000,
        0.0000, 0.0000, 0.0000, 0.0078, 0.0078, 0.0157, 0.0157, 0.0000, 0.0000,
        0.0078, 0.0000, 0.0471, 0.0000, 0.0000, 0.0627, 0.0078, 0.0000, 0.0078,
        0.0000, 0.0000, 0.0000, 0.0078, 0.0000, 0.0392, 0.0314, 0.0000, 0.0000,
        0.0000], grad_fn=<UnbindBackward0>)
tensor([0.0078, 0.1412, 0.0000, 0.0000, 0.0000, 0.0157, 0.0392, 0.0471, 0.0863,
        0.1020, 0.0157, 0.1176, 0.1255, 0.0471, 0.0000, 0.0549, 0.0000, 0.1176,
        0.0078, 0.0000, 0.1490, 0.0157, 0.0157, 0.0941, 0.0627, 0.0392, 0.0000,
        0.0549, 0.0706, 0.0000, 0.0627, 0.0000, 0.0000, 0.0392, 0.0549, 0.0000,
        0.0784, 0.0471, 0.0235, 0.0235, 0.0392, 0.0314, 0.0078, 0.0000, 0.0000,
        0.0000, 0.0000, 0.0706, 0.0157, 0.0000, 0.0549, 0.1255, 0.0314, 0.1176,
        0.0000, 0.0078, 0.0000, 0.0314, 0.0000, 0.0549, 0.1569, 0.0000, 0.0000,
        0.0157], grad_fn=<UnbindBackward0>)
tensor([0.0000, 0.0627, 0.0000, 0.0000, 0.0000, 0.0157, 0.0000, 0.0706, 0.0784,
        0.0000, 0.0627, 0.0627, 0.0000, 0.0784, 0.0235, 0.0471, 0.0000, 0.0392,
        0.0000, 0.0000, 0.0078, 0.0157, 0.0000, 0.0000, 0.0235, 0.0000, 0.0000,
        0.0157, 0.0157, 0.0000, 0.0314, 0.0000, 0.0000, 0.0235, 0.0000, 0.0000,
        0.0078, 0.0000, 0.0078, 0.0314, 0.0000, 0.0471, 0.0157, 0.0000, 0.0078,
        0.0000, 0.0000, 0.0549, 0.0000, 0.0000, 0.0235, 0.0235, 0.0000, 0.0000,
        0.0000, 0.0000, 0.0000, 0.0000, 0.0000, 0.0706, 0.0314, 0.0000, 0.0000,
        0.0314], grad_fn=<UnbindBackward0>)
tensor([0.0000, 0.0627, 0.0000, 0.0000, 0.0000, 0.0078, 0.0078, 0.0627, 0.0549,
        0.0000, 0.0392, 0.0549, 0.0157, 0.0627, 0.0235, 0.0314, 0.0000, 0.0314,
        0.0000, 0.0000, 0.0314, 0.0157, 0.0000, 0.0000, 0.0078, 0.0000, 0.0000,
        0.0157, 0.0157, 0.0000, 0.0314, 0.0000, 0.0000, 0.0157, 0.0000, 0.0000,
        0.0000, 0.0000, 0.0000, 0.0235, 0.0078, 0.0314, 0.0157, 0.0000, 0.0000,
        0.0000, 0.0000, 0.0392, 0.0000, 0.0000, 0.0314, 0.0314, 0.0000, 0.0000,
        0.0000, 0.0000, 0.0000, 0.0000, 0.0000, 0.0706, 0.0471, 0.0000, 0.0000,
        0.0157], grad_fn=<UnbindBackward0>)
tensor([0.0000, 0.1412, 0.0000, 0.0000, 0.0000, 0.0235, 0.0157, 0.0627, 0.1098,
        0.0706, 0.0314, 0.1333, 0.1176, 0.0706, 0.0078, 0.0627, 0.0078, 0.1098,
        0.0078, 0.0000, 0.1490, 0.0471, 0.0000, 0.0627, 0.0706, 0.0078, 0.0000,
        0.0314, 0.0706, 0.0000, 0.0627, 0.0000, 0.0000, 0.0392, 0.0235, 0.0000,
        0.1255, 0.0627, 0.0235, 0.0471, 0.0392, 0.0314, 0.0078, 0.0000, 0.0000,
        0.0000, 0.0000, 0.0627, 0.0000, 0.0000, 0.0235, 0.1490, 0.0157, 0.1176,
        0.0000, 0.0000, 0.0000, 0.0235, 0.0000, 0.0863, 0.1725, 0.0000, 0.0000,
        0.0549], grad_fn=<UnbindBackward0>)
tensor([0.0314, 0.1569, 0.0157, 0.0000, 0.0000, 0.0235, 0.0000, 0.0471, 0.0941,
        0.0784, 0.0078, 0.1569, 0.1333, 0.0549, 0.0078, 0.0863, 0.0000, 0.1412,
        0.0157, 0.0000, 0.1333, 0.0314, 0.0000, 0.0392, 0.0627, 0.0392, 0.0000,
        0.0549, 0.0314, 0.0000, 0.0549, 0.0000, 0.0000, 0.0314, 0.0000, 0.0000,
        0.1412, 0.0627, 0.0078, 0.0235, 0.0471, 0.0314, 0.0000, 0.0000, 0.0000,
        0.0000, 0.0000, 0.0784, 0.0000, 0.0000, 0.0392, 0.1176, 0.0549, 0.1176,
        0.0000, 0.0000, 0.0000, 0.0157, 0.0000, 0.0706, 0.1569, 0.0000, 0.0000,
        0.0471], grad_fn=<UnbindBackward0>)
tensor([0.0000, 0.0784, 0.0000, 0.0000, 0.0000, 0.0235, 0.0000, 0.0706, 0.0706,
        0.0000, 0.0392, 0.0784, 0.0157, 0.0706, 0.0157, 0.0471, 0.0000, 0.0392,
        0.0000, 0.0000, 0.0157, 0.0078, 0.0000, 0.0000, 0.0078, 0.0000, 0.0000,
        0.0235, 0.0157, 0.0000, 0.0392, 0.0000, 0.0000, 0.0157, 0.0000, 0.0000,
        0.0157, 0.0000, 0.0000, 0.0235, 0.0000, 0.0471, 0.0235, 0.0000, 0.0000,
        0.0000, 0.0000, 0.0549, 0.0000, 0.0000, 0.0235, 0.0392, 0.0000, 0.0000,
        0.0000, 0.0000, 0.0000, 0.0000, 0.0000, 0.0784, 0.0314, 0.0000, 0.0000,
        0.0157], grad_fn=<UnbindBackward0>)
tensor([0.0000, 0.0627, 0.0000, 0.0000, 0.0000, 0.0078, 0.0157, 0.0627, 0.0627,
        0.0000, 0.0549, 0.0471, 0.0000, 0.0549, 0.0000, 0.0314, 0.0000, 0.0392,
        0.0000, 0.0000, 0.0314, 0.0235, 0.0000, 0.0000, 0.0235, 0.0000, 0.0000,
        0.0235, 0.0000, 0.0000, 0.0392, 0.0000, 0.0000, 0.0314, 0.0000, 0.0000,
        0.0000, 0.0000, 0.0000, 0.0078, 0.0000, 0.0314, 0.0078, 0.0000, 0.0078,
        0.0078, 0.0000, 0.0471, 0.0000, 0.0000, 0.0314, 0.0157, 0.0000, 0.0000,
        0.0000, 0.0000, 0.0000, 0.0235, 0.0000, 0.0627, 0.0314, 0.0000, 0.0000,
        0.0000], grad_fn=<UnbindBackward0>)
tensor([0.0000, 0.0627, 0.0000, 0.0000, 0.0000, 0.0000, 0.0235, 0.0627, 0.0471,
        0.0000, 0.0471, 0.0392, 0.0314, 0.0471, 0.0235, 0.0314, 0.0000, 0.0392,
        0.0000, 0.0000, 0.0235, 0.0078, 0.0000, 0.0000, 0.0157, 0.0000, 0.0000,
        0.0157, 0.0078, 0.0000, 0.0235, 0.0000, 0.0000, 0.0157, 0.0000, 0.0000,
        0.0000, 0.0000, 0.0078, 0.0078, 0.0000, 0.0392, 0.0078, 0.0000, 0.0000,
        0.0000, 0.0000, 0.0392, 0.0000, 0.0000, 0.0392, 0.0000, 0.0000, 0.0078,
        0.0000, 0.0000, 0.0000, 0.0000, 0.0000, 0.0471, 0.0235, 0.0000, 0.0000,
        0.0000], grad_fn=<UnbindBackward0>)
tensor([0.0784, 0.1176, 0.1020, 0.0000, 0.0157, 0.0157, 0.0314, 0.0314, 0.1098,
        0.0000, 0.1098, 0.0549, 0.1176, 0.1098, 0.1098, 0.0706, 0.0000, 0.1490,
        0.0627, 0.0000, 0.0471, 0.1412, 0.0235, 0.0392, 0.0549, 0.0235, 0.0000,
        0.0235, 0.0000, 0.0471, 0.1412, 0.0078, 0.0000, 0.0078, 0.0000, 0.0000,
        0.0314, 0.0392, 0.0392, 0.1569, 0.0863, 0.1333, 0.0000, 0.0000, 0.1098,
        0.1098, 0.0941, 0.1176, 0.0392, 0.0000, 0.1412, 0.1020, 0.0863, 0.0000,
        0.0000, 0.0784, 0.0000, 0.0627, 0.0000, 0.0941, 0.0157, 0.0000, 0.0000,
        0.0314], grad_fn=<UnbindBackward0>)
tensor([0.0000, 0.0784, 0.0000, 0.0000, 0.0000, 0.0157, 0.0000, 0.0784, 0.0941,
        0.0000, 0.0549, 0.0706, 0.0078, 0.0784, 0.0235, 0.0549, 0.0000, 0.0314,
        0.0000, 0.0000, 0.0000, 0.0392, 0.0000, 0.0000, 0.0235, 0.0000, 0.0000,
        0.0235, 0.0157, 0.0000, 0.0392, 0.0000, 0.0000, 0.0235, 0.0000, 0.0000,
        0.0157, 0.0000, 0.0000, 0.0235, 0.0000, 0.0392, 0.0314, 0.0000, 0.0000,
        0.0000, 0.0000, 0.0627, 0.0000, 0.0000, 0.0157, 0.0235, 0.0000, 0.0000,
        0.0000, 0.0000, 0.0000, 0.0078, 0.0000, 0.0863, 0.0078, 0.0000, 0.0000,
        0.0157], grad_fn=<UnbindBackward0>)
tensor([0.0000, 0.0706, 0.0000, 0.0000, 0.0000, 0.0157, 0.0078, 0.0706, 0.0706,
        0.0000, 0.0471, 0.0784, 0.0157, 0.0706, 0.0157, 0.0392, 0.0000, 0.0392,
        0.0000, 0.0000, 0.0000, 0.0314, 0.0000, 0.0000, 0.0078, 0.0000, 0.0000,
        0.0314, 0.0314, 0.0000, 0.0314, 0.0000, 0.0000, 0.0157, 0.0000, 0.0000,
        0.0157, 0.0000, 0.0000, 0.0314, 0.0000, 0.0314, 0.0078, 0.0000, 0.0000,
        0.0000, 0.0000, 0.0392, 0.0000, 0.0000, 0.0157, 0.0314, 0.0000, 0.0000,
        0.0000, 0.0000, 0.0000, 0.0000, 0.0000, 0.0706, 0.0157, 0.0000, 0.0000,
        0.0000], grad_fn=<UnbindBackward0>)
tensor([0.0000, 0.1569, 0.0000, 0.0392, 0.0078, 0.0314, 0.0157, 0.1412, 0.1020,
        0.0941, 0.0235, 0.1569, 0.1176, 0.0549, 0.0157, 0.0706, 0.0471, 0.1176,
        0.0000, 0.0549, 0.1176, 0.0549, 0.0000, 0.0471, 0.1098, 0.0000, 0.0000,
        0.1098, 0.1176, 0.0000, 0.1647, 0.0000, 0.0000, 0.0471, 0.0314, 0.0314,
        0.1333, 0.0627, 0.0157, 0.0471, 0.0392, 0.0314, 0.0549, 0.0000, 0.0078,
        0.0000, 0.0000, 0.0706, 0.0000, 0.0000, 0.0314, 0.1490, 0.0392, 0.0941,
        0.0549, 0.0157, 0.0000, 0.0235, 0.0000, 0.0941, 0.1412, 0.0549, 0.0078,
        0.0392], grad_fn=<UnbindBackward0>)
tensor([0.0000, 0.0706, 0.0000, 0.0000, 0.0000, 0.0000, 0.0235, 0.0549, 0.0392,
        0.0000, 0.0392, 0.0471, 0.0314, 0.0392, 0.0000, 0.0314, 0.0000, 0.0392,
        0.0000, 0.0000, 0.0471, 0.0000, 0.0000, 0.0000, 0.0157, 0.0000, 0.0000,
        0.0235, 0.0078, 0.0000, 0.0235, 0.0000, 0.0000, 0.0235, 0.0000, 0.0000,
        0.0000, 0.0000, 0.0000, 0.0235, 0.0078, 0.0235, 0.0235, 0.0000, 0.0000,
        0.0000, 0.0000, 0.0314, 0.0000, 0.0000, 0.0392, 0.0235, 0.0000, 0.0078,
        0.0000, 0.0000, 0.0000, 0.0000, 0.0000, 0.0549, 0.0314, 0.0000, 0.0000,
        0.0000], grad_fn=<UnbindBackward0>)
tensor([0.0000, 0.0784, 0.0000, 0.0000, 0.0000, 0.0235, 0.0000, 0.0784, 0.0863,
        0.0000, 0.0549, 0.0706, 0.0078, 0.0784, 0.0235, 0.0549, 0.0000, 0.0314,
        0.0000, 0.0000, 0.0000, 0.0314, 0.0000, 0.0000, 0.0235, 0.0000, 0.0000,
        0.0235, 0.0157, 0.0000, 0.0392, 0.0000, 0.0000, 0.0314, 0.0000, 0.0000,
        0.0157, 0.0000, 0.0000, 0.0235, 0.0000, 0.0392, 0.0314, 0.0000, 0.0000,
        0.0000, 0.0000, 0.0627, 0.0000, 0.0000, 0.0157, 0.0235, 0.0000, 0.0000,
        0.0000, 0.0000, 0.0000, 0.0078, 0.0000, 0.0941, 0.0078, 0.0000, 0.0000,
        0.0157], grad_fn=<UnbindBackward0>)
tensor([0.0000, 0.0784, 0.0000, 0.0000, 0.0000, 0.0078, 0.0235, 0.0471, 0.0471,
        0.0000, 0.0314, 0.0392, 0.0000, 0.0392, 0.0000, 0.0235, 0.0000, 0.0471,
        0.0078, 0.0000, 0.0157, 0.0000, 0.0000, 0.0000, 0.0000, 0.0000, 0.0000,
        0.0314, 0.0314, 0.0000, 0.0314, 0.0000, 0.0000, 0.0235, 0.0000, 0.0000,
        0.0000, 0.0000, 0.0000, 0.0078, 0.0000, 0.0157, 0.0078, 0.0000, 0.0000,
        0.0078, 0.0000, 0.0471, 0.0000, 0.0000, 0.0471, 0.0235, 0.0000, 0.0000,
        0.0000, 0.0000, 0.0000, 0.0000, 0.0000, 0.0392, 0.0314, 0.0000, 0.0000,
        0.0000], grad_fn=<UnbindBackward0>)
tensor([0.0157, 0.1569, 0.0000, 0.0000, 0.0000, 0.0314, 0.0314, 0.0471, 0.0941,
        0.0941, 0.0078, 0.1176, 0.1020, 0.0549, 0.0000, 0.0549, 0.0000, 0.1176,
        0.0235, 0.0000, 0.1333, 0.0235, 0.0000, 0.0784, 0.0627, 0.0235, 0.0000,
        0.0627, 0.0863, 0.0000, 0.0627, 0.0000, 0.0000, 0.0471, 0.0392, 0.0000,
        0.0863, 0.0549, 0.0235, 0.0314, 0.0314, 0.0314, 0.0000, 0.0000, 0.0000,
        0.0000, 0.0000, 0.0627, 0.0078, 0.0000, 0.0471, 0.1412, 0.0392, 0.0941,
        0.0000, 0.0078, 0.0000, 0.0314, 0.0000, 0.0627, 0.1490, 0.0000, 0.0000,
        0.0314], grad_fn=<UnbindBackward0>)
tensor([0.0471, 0.1569, 0.0000, 0.0000, 0.0000, 0.0078, 0.0000, 0.0314, 0.0706,
        0.0941, 0.0157, 0.1333, 0.1333, 0.0314, 0.0000, 0.0706, 0.0000, 0.1333,
        0.0314, 0.0000, 0.1176, 0.0314, 0.0000, 0.0471, 0.0549, 0.0314, 0.0000,
        0.0392, 0.0471, 0.0000, 0.0549, 0.0000, 0.0000, 0.0314, 0.0078, 0.0000,
        0.1098, 0.0471, 0.0078, 0.0157, 0.0549, 0.0314, 0.0000, 0.0000, 0.0000,
        0.0078, 0.0000, 0.0549, 0.0000, 0.0000, 0.0392, 0.1412, 0.0784, 0.1098,
        0.0000, 0.0000, 0.0000, 0.0392, 0.0000, 0.0706, 0.1412, 0.0000, 0.0000,
        0.0000], grad_fn=<UnbindBackward0>)
